class	score
1	1.276180876
1	1.271772094
1	1.137092355
1	1.117399132
1	1.101782137
1	1.093097925
1	1.074815809
1	1.064061601
1	1.058069729
1	1.027578956
1	1.004240986
1	0.973664988
1	0.966540035
1	0.910230685
1	0.779247636
1	0.655964841
1	0.627665793
1	0.563832618
1	0.530517025
1	0.525397965
1	0.29330238
1	0.162460832
0	1.922984736
0	1.905760578
0	1.527546675
0	1.246558754
0	1.194903249
0	1.140831266
0	1.136269371
0	0.975225084
0	0.931324726
0	0.852695177
0	0.838328076
0	0.835128672
0	0.798223795
0	0.796908914
0	0.794913782
0	0.785981999
0	0.782817952
0	0.782493377
0	0.782440708
0	0.781239505
0	0.764341566
0	0.763501289
0	0.746265586
0	0.722497088
0	0.717931956
0	0.704592222
0	0.701519483
0	0.688768411
0	0.681016585
0	0.661969003
0	0.659472753
0	0.649265936
0	0.626727012
0	0.620247451
0	0.618390032
0	0.613326242
0	0.604958951
0	0.594597148
0	0.574835423
0	0.553196684
0	0.550654909
0	0.546405188
0	0.537594103
0	0.525904183
0	0.524247679
0	0.515555899
0	0.513309072
0	0.507037547
0	0.500032566
0	0.499138536
0	0.483859263
0	0.462359985
0	0.442822645
0	0.442645878
0	0.44019026
0	0.436699365
0	0.434119838
0	0.434078229
0	0.424358422
0	0.416071442
0	0.415822871
0	0.414390781
0	0.412679691
0	0.412370502
0	0.410994774
0	0.410668874
0	0.407670443
0	0.406448769
0	0.399027623
0	0.398455391
0	0.394601566
0	0.39280462
0	0.392424009
0	0.388942678
0	0.387935602
0	0.387594896
0	0.384199135
0	0.379328892
0	0.37324479
0	0.366179995
0	0.357872452
0	0.356910503
0	0.353556645
0	0.350682201
0	0.349430748
0	0.348911107
0	0.348631658
0	0.348083867
0	0.343027524
0	0.337958036
0	0.337688878
0	0.335437415
0	0.331685649
0	0.331112764
0	0.328016991
0	0.326113658
0	0.325264423
0	0.324391468
0	0.321836235
0	0.321313765
0	0.318468493
0	0.316085156
0	0.312303943
0	0.304271214
0	0.303956991
0	0.303732024
0	0.302369536
0	0.301713554
0	0.299202589
0	0.298527708
0	0.297931053
0	0.290085612
0	0.289882637
0	0.286773709
0	0.286037919
0	0.28319947
0	0.283175089
0	0.279718227
0	0.279554857
0	0.277140763
0	0.273137604
0	0.271842339
0	0.271273875
0	0.268852614
0	0.267836694
0	0.267073856
0	0.26559015
0	0.264434778
0	0.264181363
0	0.263834596
0	0.263310339
0	0.262684151
0	0.259456612
0	0.259173747
0	0.258852529
0	0.257530116
0	0.25658952
0	0.25397257
0	0.251796202
0	0.249058245
0	0.248817611
0	0.248105874
0	0.24695616
0	0.246545254
0	0.245957576
0	0.244557055
0	0.243847196
0	0.243117669
0	0.242019807
0	0.237725508
0	0.234424581
0	0.233975714
0	0.233476971
0	0.232604777
0	0.22920937
0	0.223763708
0	0.223314148
0	0.22082516
0	0.220180306
0	0.219397658
0	0.218334286
0	0.217737211
0	0.2163791
0	0.215297019
0	0.21384531
0	0.21323606
0	0.212251141
0	0.211198753
0	0.210836593
0	0.210196454
0	0.209845756
0	0.209241263
0	0.208826695
0	0.208158871
0	0.207998204
0	0.206425631
0	0.203891944
0	0.202329249
0	0.202164047
0	0.200956074
0	0.200640138
0	0.198994946
0	0.198450055
0	0.195941827
0	0.195035128
0	0.19487321
0	0.19312865
0	0.192751326
0	0.192543125
0	0.191611491
0	0.190042989
0	0.189277236
0	0.187276213
0	0.187229905
0	0.186955479
0	0.184876478
0	0.184809109
0	0.184491499
0	0.184291492
0	0.184121348
0	0.183697365
0	0.183396253
0	0.182168108
0	0.181600002
0	0.180543648
0	0.180482839
0	0.180076305
0	0.179605451
0	0.179028198
0	0.178911286
0	0.178363101
0	0.176761317
0	0.17491473
0	0.174620069
0	0.174511512
0	0.17334765
0	0.172436298
0	0.170582048
0	0.170440599
0	0.169851356
0	0.169142741
0	0.168025846
0	0.167424378
0	0.166948505
0	0.164935855
0	0.164633506
0	0.164588201
0	0.163154308
0	0.163034903
0	0.16209643
0	0.160584644
0	0.159618395
0	0.158782251
0	0.156898173
0	0.156699532
0	0.153647505
0	0.153163976
0	0.152386993
0	0.150806396
0	0.149408688
0	0.148401646
0	0.147925243
0	0.147540937
0	0.145992069
0	0.145303714
0	0.14459415
0	0.143532709
0	0.142984487
0	0.141437942
0	0.140159678
0	0.139650558
0	0.139587673
0	0.138435351
0	0.138076226
0	0.137839354
0	0.136240727
0	0.134013959
0	0.133260574
0	0.13319608
0	0.132781673
0	0.131686643
0	0.130989206
0	0.129839785
0	0.129332189
0	0.128365553
0	0.128156187
0	0.126717685
0	0.125223723
0	0.124910581
0	0.12487703
0	0.124796238
0	0.123158072
0	0.122259223
0	0.120765819
0	0.120668807
0	0.120428591
0	0.120128684
0	0.119914898
0	0.119835563
0	0.119518337
0	0.117563045
0	0.11710555
0	0.114846647
0	0.113212215
0	0.112842971
0	0.111566201
0	0.110842248
0	0.109134833
0	0.10783028
0	0.107495363
0	0.107382071
0	0.10499295
0	0.104456553
0	0.104358349
0	0.104347815
0	0.102026962
0	0.100366979
0	0.099431384
0	0.098798148
0	0.098785057
0	0.097344469
0	0.096871023
0	0.095591483
0	0.09456243
0	0.093533417
0	0.093404798
0	0.093341246
0	0.092260361
0	0.092052123
0	0.091671228
0	0.091407673
0	0.09096288
0	0.090263722
0	0.090138991
0	0.089073669
0	0.088842664
0	0.08787671
0	0.087727138
0	0.087561515
0	0.086144788
0	0.083299456
0	0.082604509
0	0.081334033
0	0.079789018
0	0.07621928
0	0.074087888
0	0.074020689
0	0.073938144
0	0.07336587
0	0.073220957
0	0.07236134
0	0.072163253
0	0.072145069
0	0.071958456
0	0.071058894
0	0.070874626
0	0.067273826
0	0.066355538
0	0.064742468
0	0.06443228
0	0.06176518
0	0.061018378
0	0.059595703
0	0.059153637
0	0.0574422
0	0.057323314
0	0.056574298
0	0.055870834
0	0.055838089
0	0.054010471
0	0.053335645
0	0.052795776
0	0.052175965
0	0.051721984
0	0.051597063
0	0.050513255
0	0.050377757
0	0.050138073
0	0.049250885
0	0.048553921
0	0.048048298
0	0.046364738
0	0.045721728
0	0.045179554
0	0.043788232
0	0.043540718
0	0.043297646
0	0.043253841
0	0.043206592
0	0.040871049
0	0.038556481
0	0.038336836
0	0.038111934
0	0.037779784
0	0.037329025
0	0.036485356
0	0.035913956
0	0.035805481
0	0.035100537
0	0.035023135
0	0.033392649
0	0.033216134
0	0.032301468
0	0.03173046
0	0.031387432
0	0.031188834
0	0.029972532
0	0.029561674
0	0.028276691
0	0.027136756
0	0.026948088
0	0.025832749
0	0.024313952
0	0.023268452
0	0.022141991
0	0.021187471
0	0.019880961
0	0.019374973
0	0.017636903
0	0.017476562
0	0.016932431
0	0.016743224
0	0.016727925
0	0.01586849
0	0.015619768
0	0.015377268
0	0.015311501
0	0.014965301
0	0.014939083
0	0.013702696
0	0.013667879
0	0.012922784
0	0.012902421
0	0.012796732
0	0.011854635
0	0.011851291
0	0.011709539
0	0.009978565
0	0.009901371
0	0.006509338
0	0.004790776
0	0.004765213
0	0.003702358
0	0.003378079
0	0.003187197
0	0.003006655
0	0.000859042
0	-0.000387339
0	-0.001707701
0	-0.002198646
0	-0.003310604
0	-0.003758987
0	-0.003795701
0	-0.005856325
0	-0.005975174
0	-0.006795142
0	-0.007088586
0	-0.007285972
0	-0.007375373
0	-0.007495564
0	-0.008042307
0	-0.008919814
0	-0.009171321
0	-0.009822592
0	-0.010049851
0	-0.01142582
0	-0.012128115
0	-0.012194951
0	-0.012833631
0	-0.013042918
0	-0.013454403
0	-0.015070801
0	-0.015260212
0	-0.01705676
0	-0.018912319
0	-0.019176943
0	-0.019265232
0	-0.01969479
0	-0.020628256
0	-0.022080885
0	-0.022743051
0	-0.023678008
0	-0.0239937
0	-0.025035377
0	-0.025333513
0	-0.025527121
0	-0.025736885
0	-0.025793605
0	-0.026280891
0	-0.026320976
0	-0.026638359
0	-0.027033406
0	-0.027117046
0	-0.027746237
0	-0.028320826
0	-0.029276113
0	-0.030046059
0	-0.030267982
0	-0.030289659
0	-0.030634488
0	-0.030655678
0	-0.031539801
0	-0.031659948
0	-0.033341682
0	-0.034139317
0	-0.034942726
0	-0.035278065
0	-0.03702303
0	-0.037029124
0	-0.037487783
0	-0.037636093
0	-0.03936234
0	-0.039374121
0	-0.041310526
0	-0.042020403
0	-0.042173825
0	-0.042230092
0	-0.042475136
0	-0.043787114
0	-0.044771159
0	-0.045036752
0	-0.045053593
0	-0.045112237
0	-0.045295472
0	-0.045927126
0	-0.046379651
0	-0.0465705
0	-0.047156189
0	-0.047780132
0	-0.048139505
0	-0.048895167
0	-0.049308142
0	-0.049428393
0	-0.049804385
0	-0.050354559
0	-0.050782354
0	-0.051025394
0	-0.051031652
0	-0.051245862
0	-0.052889183
0	-0.053162013
0	-0.05335151
0	-0.053460613
0	-0.054571859
0	-0.054737548
0	-0.05547006
0	-0.056239398
0	-0.057016064
0	-0.057928436
0	-0.0587012
0	-0.058980419
0	-0.059020756
0	-0.059112731
0	-0.059209591
0	-0.059892556
0	-0.060482798
0	-0.060616242
0	-0.062127893
0	-0.062678361
0	-0.062809976
0	-0.062906132
0	-0.063071066
0	-0.063115939
0	-0.064776056
0	-0.065138767
0	-0.065143874
0	-0.06522643
0	-0.065450013
0	-0.065576522
0	-0.065717824
0	-0.06575717
0	-0.065903919
0	-0.06593351
0	-0.066075133
0	-0.066383807
0	-0.067212829
0	-0.067582567
0	-0.067671594
0	-0.068727599
0	-0.0702194
0	-0.071488083
0	-0.071668929
0	-0.07186516
0	-0.072063972
0	-0.072333716
0	-0.07249854
0	-0.072505497
0	-0.074148061
0	-0.07464748
0	-0.075602236
0	-0.075819501
0	-0.075914067
0	-0.076569397
0	-0.076646882
0	-0.077174399
0	-0.077237592
0	-0.077785945
0	-0.077879501
0	-0.079176593
0	-0.081797666
0	-0.082072147
0	-0.082891975
0	-0.084336239
0	-0.085277411
0	-0.085373996
0	-0.085553488
0	-0.085695679
0	-0.086782324
0	-0.087233104
0	-0.087342144
0	-0.087803217
0	-0.088542696
0	-0.089760768
0	-0.089768216
0	-0.089889375
0	-0.090581857
0	-0.090767491
0	-0.09194937
0	-0.092168943
0	-0.092343938
0	-0.09272829
0	-0.09317355
0	-0.093335449
0	-0.093485241
0	-0.093750252
0	-0.094543369
0	-0.094635977
0	-0.094663831
0	-0.095397233
0	-0.096339302
0	-0.097015402
0	-0.097385109
0	-0.097538499
0	-0.098264727
0	-0.098432022
0	-0.09974675
0	-0.099913336
0	-0.100899781
0	-0.101303086
0	-0.101765467
0	-0.10195488
0	-0.103208658
0	-0.104153729
0	-0.104335887
0	-0.105126528
0	-0.10517461
0	-0.10542049
0	-0.106705068
0	-0.107524096
0	-0.107999117
0	-0.10818213
0	-0.108758912
0	-0.108779361
0	-0.10991202
0	-0.110083036
0	-0.110977027
0	-0.111062511
0	-0.112054108
0	-0.112742947
0	-0.113762491
0	-0.113913883
0	-0.114412899
0	-0.11447209
0	-0.114799943
0	-0.114829123
0	-0.115374471
0	-0.115423225
0	-0.116061833
0	-0.116288173
0	-0.11631181
0	-0.116415831
0	-0.117017757
0	-0.117128658
0	-0.117481343
0	-0.118152123
0	-0.118207154
0	-0.119187412
0	-0.119459373
0	-0.119769166
0	-0.121002094
0	-0.12159305
0	-0.121782856
0	-0.121905465
0	-0.122732233
0	-0.122893105
0	-0.123173615
0	-0.124501087
0	-0.124534049
0	-0.12509202
0	-0.125852361
0	-0.127507681
0	-0.127593523
0	-0.128245429
0	-0.12857022
0	-0.129711119
0	-0.130101652
0	-0.130376494
0	-0.13055774
0	-0.13121685
0	-0.131607414
0	-0.132098072
0	-0.133621361
0	-0.134410462
0	-0.135146325
0	-0.135340089
0	-0.136995454
0	-0.138351418
0	-0.138474509
0	-0.140739872
0	-0.141372175
0	-0.141842722
0	-0.142104369
0	-0.143285722
0	-0.143399279
0	-0.143545122
0	-0.145715019
0	-0.147187231
0	-0.147536242
0	-0.148230197
0	-0.149318821
0	-0.149358319
0	-0.151088577
0	-0.151749105
0	-0.153049163
0	-0.153238095
0	-0.153383535
0	-0.154187544
0	-0.155617225
0	-0.155915325
0	-0.156216861
0	-0.156354052
0	-0.157514922
0	-0.158046047
0	-0.158775639
0	-0.159529643
0	-0.160792365
0	-0.160848402
0	-0.161639391
0	-0.161655954
0	-0.161967275
0	-0.162506426
0	-0.163798248
0	-0.165069007
0	-0.165093183
0	-0.165833287
0	-0.166024649
0	-0.167431434
0	-0.167674161
0	-0.167820487
0	-0.168683891
0	-0.170140361
0	-0.17021075
0	-0.170491348
0	-0.17125141
0	-0.171544978
0	-0.171811037
0	-0.171945735
0	-0.172485531
0	-0.172625674
0	-0.172685449
0	-0.172851722
0	-0.172928979
0	-0.173345189
0	-0.174962067
0	-0.175106632
0	-0.175939382
0	-0.177164124
0	-0.178468098
0	-0.17874239
0	-0.179074807
0	-0.179136496
0	-0.179324328
0	-0.179964012
0	-0.17996622
0	-0.180639787
0	-0.181413596
0	-0.181794222
0	-0.182222119
0	-0.182709975
0	-0.184170937
0	-0.186103737
0	-0.186435771
0	-0.187776535
0	-0.190338078
0	-0.19079041
0	-0.190930472
0	-0.191811491
0	-0.19215914
0	-0.192159742
0	-0.193336091
0	-0.193601342
0	-0.193723259
0	-0.193844606
0	-0.194545138
0	-0.194764518
0	-0.195115888
0	-0.196780479
0	-0.197212464
0	-0.198971172
0	-0.20135709
0	-0.201788583
0	-0.202296604
0	-0.203341246
0	-0.203582515
0	-0.20362742
0	-0.206550144
0	-0.207052628
0	-0.207642685
0	-0.207735632
0	-0.209033973
0	-0.209583314
0	-0.210021283
0	-0.212061295
0	-0.212609387
0	-0.213214695
0	-0.213483612
0	-0.215142698
0	-0.215521486
0	-0.215627443
0	-0.217321733
0	-0.217676813
0	-0.217741793
0	-0.217763877
0	-0.218660879
0	-0.219546608
0	-0.219766798
0	-0.219794269
0	-0.220396081
0	-0.220542582
0	-0.220660083
0	-0.221043017
0	-0.222166165
0	-0.22373556
0	-0.223758183
0	-0.223867734
0	-0.223917649
0	-0.224118516
0	-0.224971994
0	-0.225465415
0	-0.225903649
0	-0.227899942
0	-0.228371331
0	-0.229001351
0	-0.230789466
0	-0.231045865
0	-0.231417535
0	-0.231592112
0	-0.231633912
0	-0.232003998
0	-0.232597891
0	-0.234479024
0	-0.235340394
0	-0.235341857
0	-0.236028403
0	-0.237509513
0	-0.237851367
0	-0.237927078
0	-0.237967931
0	-0.238091204
0	-0.238729244
0	-0.239609362
0	-0.241037435
0	-0.242865921
0	-0.243148346
0	-0.243278384
0	-0.24461365
0	-0.244912349
0	-0.245605218
0	-0.245719201
0	-0.245933961
0	-0.246010268
0	-0.2463791
0	-0.246928107
0	-0.246962093
0	-0.247532569
0	-0.247786818
0	-0.248242012
0	-0.248949929
0	-0.250199258
0	-0.251010869
0	-0.25185221
0	-0.252532058
0	-0.252787731
0	-0.253330266
0	-0.253896201
0	-0.253937344
0	-0.253962665
0	-0.254749258
0	-0.256060383
0	-0.256788043
0	-0.257137536
0	-0.257654108
0	-0.259466115
0	-0.259490603
0	-0.261215111
0	-0.262759053
0	-0.265943619
0	-0.266009941
0	-0.266174349
0	-0.267003434
0	-0.267533401
0	-0.268476277
0	-0.269362584
0	-0.269489205
0	-0.271446673
0	-0.271508807
0	-0.272533913
0	-0.273114532
0	-0.273268108
0	-0.273344963
0	-0.274875102
0	-0.275277587
0	-0.277516416
0	-0.277851102
0	-0.278824338
0	-0.279957601
0	-0.281083372
0	-0.282395686
0	-0.282484841
0	-0.28410559
0	-0.285131462
0	-0.286580045
0	-0.286752056
0	-0.287597135
0	-0.288408396
0	-0.288442401
0	-0.288885361
0	-0.288923538
0	-0.289499172
0	-0.289987758
0	-0.290205675
0	-0.290308418
0	-0.292312656
0	-0.294684991
0	-0.295969013
0	-0.299852087
0	-0.299921269
0	-0.300505852
0	-0.301277696
0	-0.301540973
0	-0.30162763
0	-0.303898008
0	-0.303915595
0	-0.303971099
0	-0.306133362
0	-0.306397339
0	-0.306832463
0	-0.308926386
0	-0.310504828
0	-0.310622042
0	-0.310672821
0	-0.311456
0	-0.312161444
0	-0.312663863
0	-0.312877954
0	-0.31405351
0	-0.315378545
0	-0.315937452
0	-0.316397276
0	-0.316654908
0	-0.316746355
0	-0.318022422
0	-0.318110281
0	-0.318273455
0	-0.31899803
0	-0.320242319
0	-0.320251615
0	-0.320946088
0	-0.32112487
0	-0.322989886
0	-0.324458677
0	-0.325415261
0	-0.325806091
0	-0.326361663
0	-0.326526032
0	-0.326738326
0	-0.327489245
0	-0.328584578
0	-0.330320616
0	-0.331901985
0	-0.33427416
0	-0.334838276
0	-0.335349873
0	-0.337931417
0	-0.338869993
0	-0.339569331
0	-0.339637828
0	-0.341421374
0	-0.342102534
0	-0.342822887
0	-0.344319545
0	-0.34504317
0	-0.345423267
0	-0.345742239
0	-0.346497019
0	-0.3485385
0	-0.350058011
0	-0.351521988
0	-0.352394857
0	-0.353850785
0	-0.355990138
0	-0.356189054
0	-0.357355153
0	-0.358838096
0	-0.360413039
0	-0.360490929
0	-0.36115234
0	-0.362265126
0	-0.36326775
0	-0.36654792
0	-0.367093766
0	-0.369690133
0	-0.369856831
0	-0.371301363
0	-0.371467265
0	-0.376399288
0	-0.376652034
0	-0.378426043
0	-0.37859708
0	-0.37914359
0	-0.379933346
0	-0.381478202
0	-0.382538467
0	-0.382561991
0	-0.384154745
0	-0.388128894
0	-0.39039612
0	-0.390877018
0	-0.391285411
0	-0.391433116
0	-0.391764098
0	-0.394185787
0	-0.395821102
0	-0.397236796
0	-0.397494995
0	-0.398563401
0	-0.398708437
0	-0.398782681
0	-0.399325049
0	-0.399558024
0	-0.400860563
0	-0.406887213
0	-0.40809224
0	-0.409316392
0	-0.410381452
0	-0.41196039
0	-0.415934509
0	-0.418010277
0	-0.41801774
0	-0.422070805
0	-0.422150012
0	-0.422259977
0	-0.422789412
0	-0.424386949
0	-0.424671093
0	-0.425297049
0	-0.426808269
0	-0.426909278
0	-0.427059746
0	-0.427433315
0	-0.431561661
0	-0.431748573
0	-0.433407346
0	-0.435866689
0	-0.436212155
0	-0.43735218
0	-0.438790707
0	-0.440819046
0	-0.442454808
0	-0.443248618
0	-0.443252831
0	-0.445672364
0	-0.449609845
0	-0.449702087
0	-0.455408578
0	-0.455679579
0	-0.455751112
0	-0.458271362
0	-0.461416781
0	-0.463752746
0	-0.468555731
0	-0.469710511
0	-0.475704295
0	-0.478655239
0	-0.478916333
0	-0.481186773
0	-0.482024232
0	-0.482566804
0	-0.484891354
0	-0.486940805
0	-0.488863444
0	-0.491069459
0	-0.491941135
0	-0.496265724
0	-0.498511979
0	-0.498804556
0	-0.510658581
0	-0.512268328
0	-0.518351283
0	-0.519203145
0	-0.51955471
0	-0.523095548
0	-0.523738991
0	-0.525009206
0	-0.527267294
0	-0.527578991
0	-0.529502248
0	-0.532015216
0	-0.535780869
0	-0.540265189
0	-0.556413005
0	-0.557614737
0	-0.563070617
0	-0.5662578
0	-0.580234281
0	-0.583343396
0	-0.594229689
0	-0.613949538
0	-0.619307334
0	-0.622120614
0	-0.626014684
0	-0.639400651
0	-0.644306804
0	-0.714299385
0	-0.715936815
0	-0.794235333
0	-0.824305476
0	-0.831153243
0	-0.846257775
0	-0.939445557
